0, 0 0;
1, 0 2;
2, 0 4;
3, 0 6;
4, 0 8;
5, 0 10;
6, 0 12;
7, 0 14;
8, 0 16;
9, 20 0;
10, 20 2;
11, 20 4;
12, 20 6;
13, 20 8;
14, 20 10;
15, 20 12;
16, 20 14;
17, 20 16;
18, 40 0;
19, 40 2;
20, 40 4;
21, 40 6;
22, 40 8;
23, 40 10;
24, 40 12;
25, 40 14;
26, 40 16;
27, 60 0;
28, 60 2;
29, 60 4;
30, 60 6;
31, 60 8;
32, 60 10;
33, 60 12;
34, 60 14;
35, 60 16;
36, 80 0;
37, 80 2;
38, 80 4;
39, 80 6;
40, 80 8;
41, 80 10;
42, 80 12;
43, 80 14;
44, 80 16;
45, 100 0;
46, 100 2;
47, 100 4;
48, 100 6;
49, 100 8;
50, 100 10;
51, 100 12;
52, 100 14;
53, 100 16;
54, 120 0;
55, 120 2;
56, 120 4;
57, 120 6;
58, 120 8;
59, 120 10;
60, 120 12;
61, 120 14;
62, 120 16;
63, 140 0;
64, 140 2;
65, 140 4;
66, 140 6;
67, 140 8;
68, 140 10;
69, 140 12;
70, 140 14;
71, 140 16;
72, 160 0;
73, 160 2;
74, 160 4;
75, 160 6;
76, 160 8;
77, 160 10;
78, 160 12;
79, 160 14;
80, 160 16;
81, 180 0;
82, 180 2;
83, 180 4;
84, 180 6;
85, 180 8;
86, 180 10;
87, 180 12;
88, 180 14;
89, 180 16;
90, 200 0;
91, 200 2;
92, 200 4;
93, 200 6;
94, 200 8;
95, 200 10;
96, 200 12;
97, 200 14;
98, 200 16;
99, 220 0;
100, 220 2;
101, 220 4;
102, 220 6;
103, 220 8;
104, 220 10;
105, 220 12;
106, 220 14;
107, 220 16;
108, 240 0;
109, 240 2;
110, 240 4;
111, 240 6;
112, 240 8;
113, 240 10;
114, 240 12;
115, 240 14;
116, 240 16;
117, 260 0;
118, 260 2;
119, 260 4;
120, 260 6;
121, 260 8;
122, 260 10;
123, 260 12;
124, 260 14;
125, 260 16;
126, 280 0;
127, 280 2;
128, 280 4;
129, 280 6;
130, 280 8;
131, 280 10;
132, 280 12;
133, 280 14;
134, 280 16;
135, 300 0;
136, 300 2;
137, 300 4;
138, 300 6;
139, 300 8;
140, 300 10;
141, 300 12;
142, 300 14;
143, 300 16;
144, 320 0;
145, 320 2;
146, 320 4;
147, 320 6;
148, 320 8;
149, 320 10;
150, 320 12;
151, 320 14;
152, 320 16;
153, 340 0;
154, 340 2;
155, 340 4;
156, 340 6;
157, 340 8;
158, 340 10;
159, 340 12;
160, 340 14;
161, 340 16;
162, 360 0;
163, 360 2;
164, 360 4;
165, 360 6;
166, 360 8;
167, 360 10;
168, 360 12;
169, 360 14;
170, 360 16;
171, 380 0;
172, 380 2;
173, 380 4;
174, 380 6;
175, 380 8;
176, 380 10;
177, 380 12;
178, 380 14;
179, 380 16;
180, 400 0;
181, 400 2;
182, 400 4;
183, 400 6;
184, 400 8;
185, 400 10;
186, 400 12;
187, 400 14;
188, 400 16;
189, 420 0;
190, 420 2;
191, 420 4;
192, 420 6;
193, 420 8;
194, 420 10;
195, 420 12;
196, 420 14;
197, 420 16;
198, 440 0;
199, 440 2;
200, 440 4;
201, 440 6;
202, 440 8;
203, 440 10;
204, 440 12;
205, 440 14;
206, 440 16;
207, 460 0;
208, 460 2;
209, 460 4;
210, 460 6;
211, 460 8;
212, 460 10;
213, 460 12;
214, 460 14;
215, 460 16;
216, 480 0;
217, 480 2;
218, 480 4;
219, 480 6;
220, 480 8;
221, 480 10;
222, 480 12;
223, 480 14;
224, 480 16;
225, 500 0;
226, 500 2;
227, 500 4;
228, 500 6;
229, 500 8;
230, 500 10;
231, 500 12;
232, 500 14;
233, 500 16;
234, 520 0;
235, 520 2;
236, 520 4;
237, 520 6;
238, 520 8;
239, 520 10;
240, 520 12;
241, 520 14;
242, 520 16;
243, 540 0;
244, 540 2;
245, 540 4;
246, 540 6;
247, 540 8;
248, 540 10;
249, 540 12;
250, 540 14;
251, 540 16;
252, 560 0;
253, 560 2;
254, 560 4;
255, 560 6;
256, 560 8;
257, 560 10;
258, 560 12;
259, 560 14;
260, 560 16;
261, 580 0;
262, 580 2;
263, 580 4;
264, 580 6;
265, 580 8;
266, 580 10;
267, 580 12;
268, 580 14;
269, 580 16;
270, 600 0;
271, 600 2;
272, 600 4;
273, 600 6;
274, 600 8;
275, 600 10;
276, 600 12;
277, 600 14;
278, 600 16;
279, 620 0;
280, 620 2;
281, 620 4;
282, 620 6;
283, 620 8;
284, 620 10;
285, 620 12;
286, 620 14;
287, 620 16;
288, 640 0;
289, 640 2;
290, 640 4;
291, 640 6;
292, 640 8;
293, 640 10;
294, 640 12;
295, 640 14;
296, 640 16;
297, 660 0;
298, 660 2;
299, 660 4;
300, 660 6;
301, 660 8;
302, 660 10;
303, 660 12;
304, 660 14;
305, 660 16;
